270.00
381.36
381.36
315.70
461.90
461.40
461.90
216.70
455.75
189.60
303.60
550.33
468.49
439.34
357.50
98.84
200.00
287.20
286.70
287.20
282.95
169.50
6.85
14.07
13.83
9.97
10.30
9.45
11.05
10.00
9.23
11.52
9.45
11.05
10.00
9.23
11.52
10.38
11.77
10.80
10.02
12.37
10.38
11.77
10.80
10.02
12.37
9.45
10.43
11.05
11.77
10.00
10.80
9.23
10.02
10.98
11.72
6.88
15.24
11.62
10.18
8.05
15.50
5.43
9.58
5.98
9.10
1.57
18.05
18.05
18.05
18.05
18.05
18.05
18.05
18.05
18.05
18.05
18.05
18.05
6.85
6.85
18.60
287.87
258.17
288.53
258.83
222.20
679.00
588.40
559.40
675.60
582.20
562.50
25.20
52.46
15.80
34.50
12.30
10.40
14.20
17.40
104.20
10.73
10.70
4.05
4.05
1.83
3.10
6.47
14.63
11.97
221.54
468.80
469.10
13.72
11.62
15.24
10.07
6.11
6.11
11.06
11.06
32.40
32.40
34.80
34.80
34.80
28.80
244.32
148.54
245.03
25.20
52.46
15.80
34.50
12.30
10.40
14.20
17.40
104.20
59.40
63.00
139.20
100.20
199.20
170.40
170.40
4.97
9.05
4.83
10.60
7.60
30.40
31.60
22.80
21.60
21.60
21.60
21.60
22.80
24.40
24.40
24.40
24.80
24.80
27.20
23.60
45.20
45.20
45.20
45.20
23.60
23.60
23.60
35.20
60.20
35.20
34.60
34.80
20.80
21.20
21.20
17.80
17.80
17.80
34.20
22.60
34.60
18.00
20.80
21.40
25.80
21.20
34.80
34.60
17.30
34.80
60.20
35.20
13.18
13.18
13.18
7.60
7.60
7.60
7.60
8.55
8.55
8.55
8.55
8.18
8.18
1.95
5.32
5.37
2.60
3.53
4.23
3.98
8.60
8.60
8.60
8.60
5.40
6.53
6.78
9.37
9.37
9.93
8.10
8.10
8.10
9.37
9.37
13.70
11.07
9.37
14.35
11.07
3.97
6.47
6.47
7.00
8.82
3.80
3.05
5.17
6.47
3.80
3.05
8.18
5.20
8.18
5.20
4.10
4.47
10.62
499.90
467.20
379.40
906.00
849.30
724.20
624.12
577.72
469.42
393.12
365.72
292.32
505.30
481.90
401.50
553.18
513.61
420.15
438.95
407.95
336.15
479.49
412.72
396.72
329.95
450.30
450.30
450.30
441.52
568.50
568.50
568.50
595.30
505.00
474.70
384.40
256.80
211.80
196.20
151.20
170.40
169.50
280.30
588.40
559.40
675.60
582.20
562.50
239.90
468.80
469.10
311.30
279.60
311.80
240.20
679.00
103.90
200.00
287.20
286.70
287.20
282.95
9.15
9.15
13.70
11.90
18.50
7.74
8.88
8.28
7.53
9.63
9.32
10.77
9.75
9.22
11.37
9.32
10.92
9.75
9.23
11.37
10.10
11.68
10.57
10.02
12.18
10.92
9.75
9.23
11.25
9.32
9.93
9.03
12.15
30.80
32.82
31.08
9.00
5.45
4.08
2.33
3.73
3.73
3.87
6.27
6.27
4.75
4.71
1.57
2.30
4.18
5.37
4.55
3.73
3.73
6.27
6.27
3.82
568.20
268.60
299.40
227.50
3.97
6.35
6.35
6.35
5.13
8.52
7.87
3.23
3.01
2.44
2.37
13.04
11.20
25.74
5.22
36.62
24.17
17.35
19.93
15.10
36.62
24.17
17.40
18.85
15.57
12.94
122.40
14.20
30.87
30.97
16.27
16.65
14.13
14.98
13.15
9.70
18.05
25.78
26.27
14.26
15.87
12.93
9.69
17.13
8.72
6.75
6.22
7.23
7.33
8.23
8.87
8.95
8.68
7.92
19.93
15.10
18.85
15.57
3.79
7.43
16.55
12.90
9.63
5.42
3.23
3.43
4.98
17.35
17.40
25.14
19.76
11.13
51.60
42.68
26.42
29.47
31.15
16.98
21.90
3.87
6.85
20.02
20.02
20.02
20.02
5.32
6.63
7.57
6.50
4.43
5.17
8.88
10.32
10.32
7.47
8.98
8.62
8.31
9.03
8.57
10.23
51.90
59.90
21.20
60.50
31.20
7.32
5.17
9.98
9.82
5.42
4.87
3.95
4.98
4.07
16.00
24.18
16.78
3.02
3.08
3.13
3.07
14.95
16.21
16.00
15.15
13.65
15.58
22.17
8.75
6.38
3.97
4.13
3.32
1.32
5.35
4.00
5.01
10.35
9.95
10.35
10.35
9.95
3.95
5.53
16.46
16.46
16.46
16.46
16.37
15.23
15.23
15.23
12.67
11.79
11.79
12.67
14.96
14.96
13.92
13.92
11.87
8.02
9.10
8.82
8.85
9.80
9.80
7.32
9.85
7.32
9.85
9.52
9.52
11.50
44.84
55.17
46.19
27.73
386.59
86.18
86.25
107.36
10.50
13.24
9.40
9.40
9.40
11.58
11.50
26.71
12.80
17.86
16.61
16.61
3172.83
2368.92
2523.29
2368.92
1749.89
1893.03
2239.31
2903.80
2485.00
1517.88
8.00
8.75
9.33
9.75
9.17
9.52
15.84
15.84
14.74
10.58
10.58
7.59
7.59
5.64
5.64
5.64
8.60
4.36
4.60
5.45
8.85
11.04
11.30
23.50
12.63
27.10
20.08
11.77
118.27
237.72
173.25
587.70
1031.10
120.13
118.69
125.60
252.90
9.52
10.58
732.42
466.52
585.70
646.64
510.75
14.04
12.28
11.79
13.71
13.43
15.36
13.43
11.79
8.76
10.58
4.90
31.27
14.93
20.72
17.30
34.87
34.87
34.87
13.40
1.66
7.82
48.67
48.67
48.67
48.67
48.67
50.38
50.38
50.38
50.38
50.38
26.78
46.04
5.40
10.39
10.39
14.67
10.66
8.28
7.88
5.17
7.77
7.88
8.28
7.88
24.72
24.72
24.72
92.05
153.17
100.90
53.65
55.06
17.95
14.37
10.00
10.00
7.77
9.23
11.52
9.45
7.91
8.78
7.77
8.17
6.12
9.04
10.00
9.23
8.28
8.82
10.47
10.27
11.32
11.75
10.66
10.66
14.04
15.45
15.45
8.30
6.12
8.30
6.12
9.12
7.77
12.98
17.10
17.24
8.30
12.91
12.91
17.80
16.05
11.52
9.45
7.71
8.46
44.13
44.13
44.13
11.05
8.33
9.83
11.05
9.23
8.17
11.52
11.15
9.45
9.04
10.00
11.05
9.83
11.05
10.00
9.23
9.23
11.52
11.15
11.52
9.45
9.45
325.25
25.80
23.50
24.97
24.28
24.28
13.80
11.58
11.87
12.93
11.32
11.05
8.33
9.83
10.00
11.05
8.17
9.23
11.15
11.52
7.92
9.45
3.95
3.70
2.40
13.05
3.20
3.28
3.50
8.85
11.04
13.43
17.71
14.89
8.64
9.71
69.60
331.80
9.98
5.82
9.98
5.82
9.98
9.98
9.98
5.82
9.98
5.82
8.33
13.82
15.30
16.17
16.58
15.12
13.82
15.30
16.17
16.50
15.12
13.82
15.30
16.17
16.58
15.12
5.40
5.82
5.82
6.45
8.91
20.43
5.98
9.03
12.15
11.91
10.65
16.95
35.02
11.76
21.49
15.46
16.80
12.23
14.80
23.58
14.26
16.62
13.45
13.80
11.13
15.87
12.93
14.42
14.42
12.12
12.12
22.17
8.50
3.82
31.20
31.20
15.52
25.80
25.80
24.97
24.97
24.28
24.28
25.80
55.30
55.30
46.80
46.80
46.80
46.80
8.50
8.50
8.50
8.50
8.50
8.50
8.50
8.50
8.50
4.80
18.90
7.30
7.30
7.20
13.00
77.10
77.10
66.50
50.80
50.80
97.30
96.10
96.10
77.60
81.50
81.50
11.50
11.50
11.50
10.60
10.60
7.30
18.60
6.90
6.00
6.90
6.60
6.90
8.90
14.60
22.10
110.00
34.50
21.40
25.80
27.60
14.40
27.60
14.40
20.50
20.50
20.50
20.50
20.50
20.50
20.50
20.50
5.30
5.30
5.30
6.00
6.00
6.00
5.40
5.40
5.40
31.80
28.60
28.60
21.10
31.50
31.50
15.80
8.50
2.90
4.90
5.90
4.80
3.80
4.90
5.90
4.90
3.80
2.10
2.70
3.50
5.40
6.60
10.30
5.10
4.20
7.20
14.60
10.60
14.50
7.20
10.00
